PassengerId,Survived,Pclass,Sex,Age,SibSp,Parch,Fare,CabinId,EmbarkedId
1,0.0,3,1,22.0,1,0,7.25,-1,2
2,1.0,1,0,38.0,1,0,71.2833,2,0
3,1.0,3,0,26.0,0,0,7.925,-1,2
4,1.0,1,0,35.0,1,0,53.1,2,2
5,0.0,3,1,35.0,0,0,8.05,-1,2
6,0.0,3,1,,0,0,8.4583,-1,1
7,0.0,1,1,54.0,0,0,51.8625,4,2
8,0.0,3,1,2.0,3,1,21.075,-1,2
9,1.0,3,0,27.0,0,2,11.1333,-1,2
10,1.0,2,0,14.0,1,0,30.0708,-1,0
11,1.0,3,0,4.0,1,1,16.7,6,2
12,1.0,1,0,58.0,0,0,26.55,2,2
13,0.0,3,1,20.0,0,0,8.05,-1,2
14,0.0,3,1,39.0,1,5,31.275,-1,2
15,0.0,3,0,14.0,0,0,7.8542,-1,2
16,1.0,2,0,55.0,0,0,16.0,-1,2
17,0.0,3,1,2.0,4,1,29.125,-1,1
18,1.0,2,1,,0,0,13.0,-1,2
19,0.0,3,0,31.0,1,0,18.0,-1,2
20,1.0,3,0,,0,0,7.225,-1,0
21,0.0,2,1,35.0,0,0,26.0,-1,2
22,1.0,2,1,34.0,0,0,13.0,3,2
23,1.0,3,0,15.0,0,0,8.0292,-1,1
24,1.0,1,1,28.0,0,0,35.5,0,2
25,0.0,3,0,8.0,3,1,21.075,-1,2
26,1.0,3,0,38.0,1,5,31.3875,-1,2
27,0.0,3,1,,0,0,7.225,-1,0
28,0.0,1,1,19.0,3,2,263.0,2,2
29,1.0,3,0,,0,0,7.8792,-1,1
30,0.0,3,1,,0,0,7.8958,-1,2
31,0.0,1,1,40.0,0,0,27.7208,-1,0
32,1.0,1,0,,1,0,146.5208,1,0
33,1.0,3,0,,0,0,7.75,-1,1
34,0.0,2,1,66.0,0,0,10.5,-1,2
35,0.0,1,1,28.0,1,0,82.1708,-1,0
36,0.0,1,1,42.0,1,0,52.0,-1,2
37,1.0,3,1,,0,0,7.2292,-1,0
38,0.0,3,1,21.0,0,0,8.05,-1,2
39,0.0,3,0,18.0,2,0,18.0,-1,2
40,1.0,3,0,14.0,1,0,11.2417,-1,0
41,0.0,3,0,40.0,1,0,9.475,-1,2
42,0.0,2,0,27.0,1,0,21.0,-1,2
43,0.0,3,1,,0,0,7.8958,-1,0
44,1.0,2,0,3.0,1,2,41.5792,-1,0
45,1.0,3,0,19.0,0,0,7.8792,-1,1
46,0.0,3,1,,0,0,8.05,-1,2
47,0.0,3,1,,1,0,15.5,-1,1
48,1.0,3,0,,0,0,7.75,-1,1
49,0.0,3,1,,2,0,21.6792,-1,0
50,0.0,3,0,18.0,1,0,17.8,-1,2
51,0.0,3,1,7.0,4,1,39.6875,-1,2
52,0.0,3,1,21.0,0,0,7.8,-1,2
53,1.0,1,0,49.0,1,0,76.7292,3,0
54,1.0,2,0,29.0,1,0,26.0,-1,2
55,0.0,1,1,65.0,0,1,61.9792,1,0
56,1.0,1,1,,0,0,35.5,2,2
57,1.0,2,0,21.0,0,0,10.5,-1,2
58,0.0,3,1,28.5,0,0,7.2292,-1,0
59,1.0,2,0,5.0,1,2,27.75,-1,2
60,0.0,3,1,11.0,5,2,46.9,-1,2
61,0.0,3,1,22.0,0,0,7.2292,-1,0
62,1.0,1,0,38.0,0,0,80.0,1,-1
63,0.0,1,1,45.0,1,0,83.475,2,2
64,0.0,3,1,4.0,3,2,27.9,-1,2
65,0.0,1,1,,0,0,27.7208,-1,0
66,1.0,3,1,,1,1,15.2458,-1,0
67,1.0,2,0,29.0,0,0,10.5,5,2
68,0.0,3,1,19.0,0,0,8.1583,-1,2
69,1.0,3,0,17.0,4,2,7.925,-1,2
70,0.0,3,1,26.0,2,0,8.6625,-1,2
71,0.0,2,1,32.0,0,0,10.5,-1,2
72,0.0,3,0,16.0,5,2,46.9,-1,2
73,0.0,2,1,21.0,0,0,73.5,-1,2
74,0.0,3,1,26.0,1,0,14.4542,-1,0
75,1.0,3,1,32.0,0,0,56.4958,-1,2
76,0.0,3,1,25.0,0,0,7.65,5,2
77,0.0,3,1,,0,0,7.8958,-1,2
78,0.0,3,1,,0,0,8.05,-1,2
79,1.0,2,1,0.83,0,2,29.0,-1,2
80,1.0,3,0,30.0,0,0,12.475,-1,2
81,0.0,3,1,22.0,0,0,9.0,-1,2
82,1.0,3,1,29.0,0,0,9.5,-1,2
83,1.0,3,0,,0,0,7.7875,-1,1
84,0.0,1,1,28.0,0,0,47.1,-1,2
85,1.0,2,0,17.0,0,0,10.5,-1,2
86,1.0,3,0,33.0,3,0,15.85,-1,2
87,0.0,3,1,16.0,1,3,34.375,-1,2
88,0.0,3,1,,0,0,8.05,-1,2
89,1.0,1,0,23.0,3,2,263.0,2,2
90,0.0,3,1,24.0,0,0,8.05,-1,2
91,0.0,3,1,29.0,0,0,8.05,-1,2
92,0.0,3,1,20.0,0,0,7.8542,-1,2
93,0.0,1,1,46.0,1,0,61.175,4,2
94,0.0,3,1,26.0,1,2,20.575,-1,2
95,0.0,3,1,59.0,0,0,7.25,-1,2
96,0.0,3,1,,0,0,8.05,-1,2
97,0.0,1,1,71.0,0,0,34.6542,0,0
98,1.0,1,1,23.0,0,1,63.3583,3,0
99,1.0,2,0,34.0,0,1,23.0,-1,2
100,0.0,2,1,34.0,1,0,26.0,-1,2
101,0.0,3,0,28.0,0,0,7.8958,-1,2
102,0.0,3,1,,0,0,7.8958,-1,2
103,0.0,1,1,21.0,0,1,77.2875,3,2
104,0.0,3,1,33.0,0,0,8.6542,-1,2
105,0.0,3,1,37.0,2,0,7.925,-1,2
106,0.0,3,1,28.0,0,0,7.8958,-1,2
107,1.0,3,0,21.0,0,0,7.65,-1,2
108,1.0,3,1,,0,0,7.775,-1,2
109,0.0,3,1,38.0,0,0,7.8958,-1,2
110,1.0,3,0,,1,0,24.15,-1,1
111,0.0,1,1,47.0,0,0,52.0,2,2
112,0.0,3,0,14.5,1,0,14.4542,-1,0
113,0.0,3,1,22.0,0,0,8.05,-1,2
114,0.0,3,0,20.0,1,0,9.825,-1,2
115,0.0,3,0,17.0,0,0,14.4583,-1,0
116,0.0,3,1,21.0,0,0,7.925,-1,2
117,0.0,3,1,70.5,0,0,7.75,-1,1
118,0.0,2,1,29.0,1,0,21.0,-1,2
119,0.0,1,1,24.0,0,1,247.5208,1,0
120,0.0,3,0,2.0,4,2,31.275,-1,2
121,0.0,2,1,21.0,2,0,73.5,-1,2
122,0.0,3,1,,0,0,8.05,-1,2
123,0.0,2,1,32.5,1,0,30.0708,-1,0
124,1.0,2,0,32.5,0,0,13.0,4,2
125,0.0,1,1,54.0,0,1,77.2875,3,2
126,1.0,3,1,12.0,1,0,11.2417,-1,0
127,0.0,3,1,,0,0,7.75,-1,1
128,1.0,3,1,24.0,0,0,7.1417,-1,2
129,1.0,3,0,,1,1,22.3583,5,0
130,0.0,3,1,45.0,0,0,6.975,-1,2
131,0.0,3,1,33.0,0,0,7.8958,-1,0
132,0.0,3,1,20.0,0,0,7.05,-1,2
133,0.0,3,0,47.0,1,0,14.5,-1,2
134,1.0,2,0,29.0,1,0,26.0,-1,2
135,0.0,2,1,25.0,0,0,13.0,-1,2
136,0.0,2,1,23.0,0,0,15.0458,-1,0
137,1.0,1,0,19.0,0,2,26.2833,3,2
138,0.0,1,1,37.0,1,0,53.1,2,2
139,0.0,3,1,16.0,0,0,9.2167,-1,2
140,0.0,1,1,24.0,0,0,79.2,1,0
141,0.0,3,0,,0,2,15.2458,-1,0
142,1.0,3,0,22.0,0,0,7.75,-1,2
143,1.0,3,0,24.0,1,0,15.85,-1,2
144,0.0,3,1,19.0,0,0,6.75,-1,1
145,0.0,2,1,18.0,0,0,11.5,-1,2
146,0.0,2,1,19.0,1,1,36.75,-1,2
147,1.0,3,1,27.0,0,0,7.7958,-1,2
148,0.0,3,0,9.0,2,2,34.375,-1,2
149,0.0,2,1,36.5,0,2,26.0,5,2
150,0.0,2,1,42.0,0,0,13.0,-1,2
151,0.0,2,1,51.0,0,0,12.525,-1,2
152,1.0,1,0,22.0,1,0,66.6,2,2
153,0.0,3,1,55.5,0,0,8.05,-1,2
154,0.0,3,1,40.5,0,2,14.5,-1,2
155,0.0,3,1,,0,0,7.3125,-1,2
156,0.0,1,1,51.0,0,1,61.3792,-1,0
157,1.0,3,0,16.0,0,0,7.7333,-1,1
158,0.0,3,1,30.0,0,0,8.05,-1,2
159,0.0,3,1,,0,0,8.6625,-1,2
160,0.0,3,1,,8,2,69.55,-1,2
161,0.0,3,1,44.0,0,1,16.1,-1,2
162,1.0,2,0,40.0,0,0,15.75,-1,2
163,0.0,3,1,26.0,0,0,7.775,-1,2
164,0.0,3,1,17.0,0,0,8.6625,-1,2
165,0.0,3,1,1.0,4,1,39.6875,-1,2
166,1.0,3,1,9.0,0,2,20.525,-1,2
167,1.0,1,0,,0,1,55.0,4,2
168,0.0,3,0,45.0,1,4,27.9,-1,2
169,0.0,1,1,,0,0,25.925,-1,2
170,0.0,3,1,28.0,0,0,56.4958,-1,2
171,0.0,1,1,61.0,0,0,33.5,1,2
172,0.0,3,1,4.0,4,1,29.125,-1,1
173,1.0,3,0,1.0,1,1,11.1333,-1,2
174,0.0,3,1,21.0,0,0,7.925,-1,2
175,0.0,1,1,56.0,0,0,30.6958,0,0
176,0.0,3,1,18.0,1,1,7.8542,-1,2
177,0.0,3,1,,3,1,25.4667,-1,2
178,0.0,1,0,50.0,0,0,28.7125,2,0
179,0.0,2,1,30.0,0,0,13.0,-1,2
180,0.0,3,1,36.0,0,0,0.0,-1,2
181,0.0,3,0,,8,2,69.55,-1,2
182,0.0,2,1,,0,0,15.05,-1,0
183,0.0,3,1,9.0,4,2,31.3875,-1,2
184,1.0,2,1,1.0,2,1,39.0,5,2
185,1.0,3,0,4.0,0,2,22.025,-1,2
186,0.0,1,1,,0,0,50.0,0,2
187,1.0,3,0,,1,0,15.5,-1,1
188,1.0,1,1,45.0,0,0,26.55,-1,2
189,0.0,3,1,40.0,1,1,15.5,-1,1
190,0.0,3,1,36.0,0,0,7.8958,-1,2
191,1.0,2,0,32.0,0,0,13.0,-1,2
192,0.0,2,1,19.0,0,0,13.0,-1,2
193,1.0,3,0,19.0,1,0,7.8542,-1,2
194,1.0,2,1,3.0,1,1,26.0,5,2
195,1.0,1,0,44.0,0,0,27.7208,1,0
196,1.0,1,0,58.0,0,0,146.5208,1,0
197,0.0,3,1,,0,0,7.75,-1,1
198,0.0,3,1,42.0,0,1,8.4042,-1,2
199,1.0,3,0,,0,0,7.75,-1,1
200,0.0,2,0,24.0,0,0,13.0,-1,2
201,0.0,3,1,28.0,0,0,9.5,-1,2
202,0.0,3,1,,8,2,69.55,-1,2
203,0.0,3,1,34.0,0,0,6.4958,-1,2
204,0.0,3,1,45.5,0,0,7.225,-1,0
205,1.0,3,1,18.0,0,0,8.05,-1,2
206,0.0,3,0,2.0,0,1,10.4625,6,2
207,0.0,3,1,32.0,1,0,15.85,-1,2
208,1.0,3,1,26.0,0,0,18.7875,-1,0
209,1.0,3,0,16.0,0,0,7.75,-1,1
210,1.0,1,1,40.0,0,0,31.0,0,0
211,0.0,3,1,24.0,0,0,7.05,-1,2
212,1.0,2,0,35.0,0,0,21.0,-1,2
213,0.0,3,1,22.0,0,0,7.25,-1,2
214,0.0,2,1,30.0,0,0,13.0,-1,2
215,0.0,3,1,,1,0,7.75,-1,1
216,1.0,1,0,31.0,1,0,113.275,3,0
217,1.0,3,0,27.0,0,0,7.925,-1,2
218,0.0,2,1,42.0,1,0,27.0,-1,2
219,1.0,1,0,32.0,0,0,76.2917,3,0
220,0.0,2,1,30.0,0,0,10.5,-1,2
221,1.0,3,1,16.0,0,0,8.05,-1,2
222,0.0,2,1,27.0,0,0,13.0,-1,2
223,0.0,3,1,51.0,0,0,8.05,-1,2
224,0.0,3,1,,0,0,7.8958,-1,2
225,1.0,1,1,38.0,1,0,90.0,2,2
226,0.0,3,1,22.0,0,0,9.35,-1,2
227,1.0,2,1,19.0,0,0,10.5,-1,2
228,0.0,3,1,20.5,0,0,7.25,-1,2
229,0.0,2,1,18.0,0,0,13.0,-1,2
230,0.0,3,0,,3,1,25.4667,-1,2
231,1.0,1,0,35.0,1,0,83.475,2,2
232,0.0,3,1,29.0,0,0,7.775,-1,2
233,0.0,2,1,59.0,0,0,13.5,-1,2
234,1.0,3,0,5.0,4,2,31.3875,-1,2
235,0.0,2,1,24.0,0,0,10.5,-1,2
236,0.0,3,0,,0,0,7.55,-1,2
237,0.0,2,1,44.0,1,0,26.0,-1,2
238,1.0,2,0,8.0,0,2,26.25,-1,2
239,0.0,2,1,19.0,0,0,10.5,-1,2
240,0.0,2,1,33.0,0,0,12.275,-1,2
241,0.0,3,0,,1,0,14.4542,-1,0
242,1.0,3,0,,1,0,15.5,-1,1
243,0.0,2,1,29.0,0,0,10.5,-1,2
244,0.0,3,1,22.0,0,0,7.125,-1,2
245,0.0,3,1,30.0,0,0,7.225,-1,0
246,0.0,1,1,44.0,2,0,90.0,2,1
247,0.0,3,0,25.0,0,0,7.775,-1,2
248,1.0,2,0,24.0,0,2,14.5,-1,2
249,1.0,1,1,37.0,1,1,52.5542,3,2
250,0.0,2,1,54.0,1,0,26.0,-1,2
251,0.0,3,1,,0,0,7.25,-1,2
252,0.0,3,0,29.0,1,1,10.4625,6,2
253,0.0,1,1,62.0,0,0,26.55,2,2
254,0.0,3,1,30.0,1,0,16.1,-1,2
255,0.0,3,0,41.0,0,2,20.2125,-1,2
256,1.0,3,0,29.0,0,2,15.2458,-1,0
257,1.0,1,0,,0,0,79.2,-1,0
258,1.0,1,0,30.0,0,0,86.5,1,2
259,1.0,1,0,35.0,0,0,512.3292,-1,0
260,1.0,2,0,50.0,0,1,26.0,-1,2
261,0.0,3,1,,0,0,7.75,-1,1
262,1.0,3,1,3.0,4,2,31.3875,-1,2
263,0.0,1,1,52.0,1,1,79.65,4,2
264,0.0,1,1,40.0,0,0,0.0,1,2
265,0.0,3,0,,0,0,7.75,-1,1
266,0.0,2,1,36.0,0,0,10.5,-1,2
267,0.0,3,1,16.0,4,1,39.6875,-1,2
268,1.0,3,1,25.0,1,0,7.775,-1,2
269,1.0,1,0,58.0,0,1,153.4625,2,2
270,1.0,1,0,35.0,0,0,135.6333,2,2
271,0.0,1,1,,0,0,31.0,-1,2
272,1.0,3,1,25.0,0,0,0.0,-1,2
273,1.0,2,0,41.0,0,1,19.5,-1,2
274,0.0,1,1,37.0,0,1,29.7,2,0
275,1.0,3,0,,0,0,7.75,-1,1
276,1.0,1,0,63.0,1,0,77.9583,3,2
277,0.0,3,0,45.0,0,0,7.75,-1,2
278,0.0,2,1,,0,0,0.0,-1,2
279,0.0,3,1,7.0,4,1,29.125,-1,1
280,1.0,3,0,35.0,1,1,20.25,-1,2
281,0.0,3,1,65.0,0,0,7.75,-1,1
282,0.0,3,1,28.0,0,0,7.8542,-1,2
283,0.0,3,1,16.0,0,0,9.5,-1,2
284,1.0,3,1,19.0,0,0,8.05,-1,2
285,0.0,1,1,,0,0,26.0,0,2
286,0.0,3,1,33.0,0,0,8.6625,-1,0
287,1.0,3,1,30.0,0,0,9.5,-1,2
288,0.0,3,1,22.0,0,0,7.8958,-1,2
289,1.0,2,1,42.0,0,0,13.0,-1,2
290,1.0,3,0,22.0,0,0,7.75,-1,1
291,1.0,1,0,26.0,0,0,78.85,-1,2
292,1.0,1,0,19.0,1,0,91.0792,1,0
293,0.0,2,1,36.0,0,0,12.875,3,0
294,0.0,3,0,24.0,0,0,8.85,-1,2
295,0.0,3,1,24.0,0,0,7.8958,-1,2
296,0.0,1,1,,0,0,27.7208,-1,0
297,0.0,3,1,23.5,0,0,7.2292,-1,0
298,0.0,1,0,2.0,1,2,151.55,2,2
299,1.0,1,1,,0,0,30.5,2,2
300,1.0,1,0,50.0,0,1,247.5208,1,0
301,1.0,3,0,,0,0,7.75,-1,1
302,1.0,3,1,,2,0,23.25,-1,1
303,0.0,3,1,19.0,0,0,0.0,-1,2
304,1.0,2,0,,0,0,12.35,4,1
305,0.0,3,1,,0,0,8.05,-1,2
306,1.0,1,1,0.92,1,2,151.55,2,2
307,1.0,1,0,,0,0,110.8833,-1,0
308,1.0,1,0,17.0,1,0,108.9,2,0
309,0.0,2,1,30.0,1,0,24.0,-1,0
310,1.0,1,0,30.0,0,0,56.9292,4,0
311,1.0,1,0,24.0,0,0,83.1583,2,0
312,1.0,1,0,18.0,2,2,262.375,1,0
313,0.0,2,0,26.0,1,1,26.0,-1,2
314,0.0,3,1,28.0,0,0,7.8958,-1,2
315,0.0,2,1,43.0,1,1,26.25,-1,2
316,1.0,3,0,26.0,0,0,7.8542,-1,2
317,1.0,2,0,24.0,1,0,26.0,-1,2
318,0.0,2,1,54.0,0,0,14.0,-1,2
319,1.0,1,0,31.0,0,2,164.8667,2,2
320,1.0,1,0,40.0,1,1,134.5,4,0
321,0.0,3,1,22.0,0,0,7.25,-1,2
322,0.0,3,1,27.0,0,0,7.8958,-1,2
323,1.0,2,0,30.0,0,0,12.35,-1,1
324,1.0,2,0,22.0,1,1,29.0,-1,2
325,0.0,3,1,,8,2,69.55,-1,2
326,1.0,1,0,36.0,0,0,135.6333,2,0
327,0.0,3,1,61.0,0,0,6.2375,-1,2
328,1.0,2,0,36.0,0,0,13.0,3,2
329,1.0,3,0,31.0,1,1,20.525,-1,2
330,1.0,1,0,16.0,0,1,57.9792,1,0
331,1.0,3,0,,2,0,23.25,-1,1
332,0.0,1,1,45.5,0,0,28.5,2,2
333,0.0,1,1,38.0,0,1,153.4625,2,2
334,0.0,3,1,16.0,2,0,18.0,-1,2
335,1.0,1,0,,1,0,133.65,-1,2
336,0.0,3,1,,0,0,7.8958,-1,2
337,0.0,1,1,29.0,1,0,66.6,2,2
338,1.0,1,0,41.0,0,0,134.5,4,0
339,1.0,3,1,45.0,0,0,8.05,-1,2
340,0.0,1,1,45.0,0,0,35.5,7,2
341,1.0,2,1,2.0,1,1,26.0,5,2
342,1.0,1,0,24.0,3,2,263.0,2,2
343,0.0,2,1,28.0,0,0,13.0,-1,2
344,0.0,2,1,25.0,0,0,13.0,-1,2
345,0.0,2,1,36.0,0,0,13.0,-1,2
346,1.0,2,0,24.0,0,0,13.0,5,2
347,1.0,2,0,40.0,0,0,13.0,-1,2
348,1.0,3,0,,1,0,16.1,-1,2
349,1.0,3,1,3.0,1,1,15.9,-1,2
350,0.0,3,1,42.0,0,0,8.6625,-1,2
351,0.0,3,1,23.0,0,0,9.225,-1,2
352,0.0,1,1,,0,0,35.0,2,2
353,0.0,3,1,15.0,1,1,7.2292,-1,0
354,0.0,3,1,25.0,1,0,17.8,-1,2
355,0.0,3,1,,0,0,7.225,-1,0
356,0.0,3,1,28.0,0,0,9.5,-1,2
357,1.0,1,0,22.0,0,1,55.0,4,2
358,0.0,2,0,38.0,0,0,13.0,-1,2
359,1.0,3,0,,0,0,7.8792,-1,1
360,1.0,3,0,,0,0,7.8792,-1,1
361,0.0,3,1,40.0,1,4,27.9,-1,2
362,0.0,2,1,29.0,1,0,27.7208,-1,0
363,0.0,3,0,45.0,0,1,14.4542,-1,0
364,0.0,3,1,35.0,0,0,7.05,-1,2
365,0.0,3,1,,1,0,15.5,-1,1
366,0.0,3,1,30.0,0,0,7.25,-1,2
367,1.0,1,0,60.0,1,0,75.25,3,0
368,1.0,3,0,,0,0,7.2292,-1,0
369,1.0,3,0,,0,0,7.75,-1,1
370,1.0,1,0,24.0,0,0,69.3,1,0
371,1.0,1,1,25.0,1,0,55.4417,4,0
372,0.0,3,1,18.0,1,0,6.4958,-1,2
373,0.0,3,1,19.0,0,0,8.05,-1,2
374,0.0,1,1,22.0,0,0,135.6333,-1,0
375,0.0,3,0,3.0,3,1,21.075,-1,2
376,1.0,1,0,,1,0,82.1708,-1,0
377,1.0,3,0,22.0,0,0,7.25,-1,2
378,0.0,1,1,27.0,0,2,211.5,2,0
379,0.0,3,1,20.0,0,0,4.0125,-1,0
380,0.0,3,1,19.0,0,0,7.775,-1,2
381,1.0,1,0,42.0,0,0,227.525,-1,0
382,1.0,3,0,1.0,0,2,15.7417,-1,0
383,0.0,3,1,32.0,0,0,7.925,-1,2
384,1.0,1,0,35.0,1,0,52.0,-1,2
385,0.0,3,1,,0,0,7.8958,-1,2
386,0.0,2,1,18.0,0,0,73.5,-1,2
387,0.0,3,1,1.0,5,2,46.9,-1,2
388,1.0,2,0,36.0,0,0,13.0,-1,2
389,0.0,3,1,,0,0,7.7292,-1,1
390,1.0,2,0,17.0,0,0,12.0,-1,0
391,1.0,1,1,36.0,1,2,120.0,1,2
392,1.0,3,1,21.0,0,0,7.7958,-1,2
393,0.0,3,1,28.0,2,0,7.925,-1,2
394,1.0,1,0,23.0,1,0,113.275,3,0
395,1.0,3,0,24.0,0,2,16.7,6,2
396,0.0,3,1,22.0,0,0,7.7958,-1,2
397,0.0,3,0,31.0,0,0,7.8542,-1,2
398,0.0,2,1,46.0,0,0,26.0,-1,2
399,0.0,2,1,23.0,0,0,10.5,-1,2
400,1.0,2,0,28.0,0,0,12.65,-1,2
401,1.0,3,1,39.0,0,0,7.925,-1,2
402,0.0,3,1,26.0,0,0,8.05,-1,2
403,0.0,3,0,21.0,1,0,9.825,-1,2
404,0.0,3,1,28.0,1,0,15.85,-1,2
405,0.0,3,0,20.0,0,0,8.6625,-1,2
406,0.0,2,1,34.0,1,0,21.0,-1,2
407,0.0,3,1,51.0,0,0,7.75,-1,2
408,1.0,2,1,3.0,1,1,18.75,-1,2
409,0.0,3,1,21.0,0,0,7.775,-1,2
410,0.0,3,0,,3,1,25.4667,-1,2
411,0.0,3,1,,0,0,7.8958,-1,2
412,0.0,3,1,,0,0,6.8583,-1,1
413,1.0,1,0,33.0,1,0,90.0,2,1
414,0.0,2,1,,0,0,0.0,-1,2
415,1.0,3,1,44.0,0,0,7.925,-1,2
416,0.0,3,0,,0,0,8.05,-1,2
417,1.0,2,0,34.0,1,1,32.5,-1,2
418,1.0,2,0,18.0,0,2,13.0,-1,2
419,0.0,2,1,30.0,0,0,13.0,-1,2
420,0.0,3,0,10.0,0,2,24.15,-1,2
421,0.0,3,1,,0,0,7.8958,-1,0
422,0.0,3,1,21.0,0,0,7.7333,-1,1
423,0.0,3,1,29.0,0,0,7.875,-1,2
424,0.0,3,0,28.0,1,1,14.4,-1,2
425,0.0,3,1,18.0,1,1,20.2125,-1,2
426,0.0,3,1,,0,0,7.25,-1,2
427,1.0,2,0,28.0,1,0,26.0,-1,2
428,1.0,2,0,19.0,0,0,26.0,-1,2
429,0.0,3,1,,0,0,7.75,-1,1
430,1.0,3,1,32.0,0,0,8.05,4,2
431,1.0,1,1,28.0,0,0,26.55,2,2
432,1.0,3,0,,1,0,16.1,-1,2
433,1.0,2,0,42.0,1,0,26.0,-1,2
434,0.0,3,1,17.0,0,0,7.125,-1,2
435,0.0,1,1,50.0,1,0,55.9,4,2
436,1.0,1,0,14.0,1,2,120.0,1,2
437,0.0,3,0,21.0,2,2,34.375,-1,2
438,1.0,2,0,24.0,2,3,18.75,-1,2
439,0.0,1,1,64.0,1,4,263.0,2,2
440,0.0,2,1,31.0,0,0,10.5,-1,2
441,1.0,2,0,45.0,1,1,26.25,-1,2
442,0.0,3,1,20.0,0,0,9.5,-1,2
443,0.0,3,1,25.0,1,0,7.775,-1,2
444,1.0,2,0,28.0,0,0,13.0,-1,2
445,1.0,3,1,,0,0,8.1125,-1,2
446,1.0,1,1,4.0,0,2,81.8583,0,2
447,1.0,2,0,13.0,0,1,19.5,-1,2
448,1.0,1,1,34.0,0,0,26.55,-1,2
449,1.0,3,0,5.0,2,1,19.2583,-1,0
450,1.0,1,1,52.0,0,0,30.5,2,2
451,0.0,2,1,36.0,1,2,27.75,-1,2
452,0.0,3,1,,1,0,19.9667,-1,2
453,0.0,1,1,30.0,0,0,27.75,2,0
454,1.0,1,1,49.0,1,0,89.1042,2,0
455,0.0,3,1,,0,0,8.05,-1,2
456,1.0,3,1,29.0,0,0,7.8958,-1,0
457,0.0,1,1,65.0,0,0,26.55,4,2
458,1.0,1,0,,1,0,51.8625,3,2
459,1.0,2,0,50.0,0,0,10.5,-1,2
460,0.0,3,1,,0,0,7.75,-1,1
461,1.0,1,1,48.0,0,0,26.55,4,2
462,0.0,3,1,34.0,0,0,8.05,-1,2
463,0.0,1,1,47.0,0,0,38.5,4,2
464,0.0,2,1,48.0,0,0,13.0,-1,2
465,0.0,3,1,,0,0,8.05,-1,2
466,0.0,3,1,38.0,0,0,7.05,-1,2
467,0.0,2,1,,0,0,0.0,-1,2
468,0.0,1,1,56.0,0,0,26.55,-1,2
469,0.0,3,1,,0,0,7.725,-1,1
470,1.0,3,0,0.75,2,1,19.2583,-1,0
471,0.0,3,1,,0,0,7.25,-1,2
472,0.0,3,1,38.0,0,0,8.6625,-1,2
473,1.0,2,0,33.0,1,2,27.75,-1,2
474,1.0,2,0,23.0,0,0,13.7917,3,0
475,0.0,3,0,22.0,0,0,9.8375,-1,2
476,0.0,1,1,,0,0,52.0,0,2
477,0.0,2,1,34.0,1,0,21.0,-1,2
478,0.0,3,1,29.0,1,0,7.0458,-1,2
479,0.0,3,1,22.0,0,0,7.5208,-1,2
480,1.0,3,0,2.0,0,1,12.2875,-1,2
481,0.0,3,1,9.0,5,2,46.9,-1,2
482,0.0,2,1,,0,0,0.0,-1,2
483,0.0,3,1,50.0,0,0,8.05,-1,2
484,1.0,3,0,63.0,0,0,9.5875,-1,2
485,1.0,1,1,25.0,1,0,91.0792,1,0
486,0.0,3,0,,3,1,25.4667,-1,2
487,1.0,1,0,35.0,1,0,90.0,2,2
488,0.0,1,1,58.0,0,0,29.7,1,0
489,0.0,3,1,30.0,0,0,8.05,-1,2
490,1.0,3,1,9.0,1,1,15.9,-1,2
491,0.0,3,1,,1,0,19.9667,-1,2
492,0.0,3,1,21.0,0,0,7.25,-1,2
493,0.0,1,1,55.0,0,0,30.5,2,2
494,0.0,1,1,71.0,0,0,49.5042,-1,0
495,0.0,3,1,21.0,0,0,8.05,-1,2
496,0.0,3,1,,0,0,14.4583,-1,0
497,1.0,1,0,54.0,1,0,78.2667,3,0
498,0.0,3,1,,0,0,15.1,-1,2
499,0.0,1,0,25.0,1,2,151.55,2,2
500,0.0,3,1,24.0,0,0,7.7958,-1,2
501,0.0,3,1,17.0,0,0,8.6625,-1,2
502,0.0,3,0,21.0,0,0,7.75,-1,1
503,0.0,3,0,,0,0,7.6292,-1,1
504,0.0,3,0,37.0,0,0,9.5875,-1,2
505,1.0,1,0,16.0,0,0,86.5,1,2
506,0.0,1,1,18.0,1,0,108.9,2,0
507,1.0,2,0,33.0,0,2,26.0,-1,2
508,1.0,1,1,,0,0,26.55,-1,2
509,0.0,3,1,28.0,0,0,22.525,-1,2
510,1.0,3,1,26.0,0,0,56.4958,-1,2
511,1.0,3,1,29.0,0,0,7.75,-1,1
512,0.0,3,1,,0,0,8.05,-1,2
513,1.0,1,1,36.0,0,0,26.2875,4,2
514,1.0,1,0,54.0,1,0,59.4,-1,0
515,0.0,3,1,24.0,0,0,7.4958,-1,2
516,0.0,1,1,47.0,0,0,34.0208,3,2
517,1.0,2,0,34.0,0,0,10.5,5,2
518,0.0,3,1,,0,0,24.15,-1,1
519,1.0,2,0,36.0,1,0,26.0,-1,2
520,0.0,3,1,32.0,0,0,7.8958,-1,2
521,1.0,1,0,30.0,0,0,93.5,1,2
522,0.0,3,1,22.0,0,0,7.8958,-1,2
523,0.0,3,1,,0,0,7.225,-1,0
524,1.0,1,0,44.0,0,1,57.9792,1,0
525,0.0,3,1,,0,0,7.2292,-1,0
526,0.0,3,1,40.5,0,0,7.75,-1,1
527,1.0,2,0,50.0,0,0,10.5,-1,2
528,0.0,1,1,,0,0,221.7792,2,2
529,0.0,3,1,39.0,0,0,7.925,-1,2
530,0.0,2,1,23.0,2,1,11.5,-1,2
531,1.0,2,0,2.0,1,1,26.0,-1,2
532,0.0,3,1,,0,0,7.2292,-1,0
533,0.0,3,1,17.0,1,1,7.2292,-1,0
534,1.0,3,0,,0,2,22.3583,-1,0
535,0.0,3,0,30.0,0,0,8.6625,-1,2
536,1.0,2,0,7.0,0,2,26.25,-1,2
537,0.0,1,1,45.0,0,0,26.55,1,2
538,1.0,1,0,30.0,0,0,106.425,-1,0
539,0.0,3,1,,0,0,14.5,-1,2
540,1.0,1,0,22.0,0,2,49.5,1,0
541,1.0,1,0,36.0,0,2,71.0,1,2
542,0.0,3,0,9.0,4,2,31.275,-1,2
543,0.0,3,0,11.0,4,2,31.275,-1,2
544,1.0,2,1,32.0,1,0,26.0,-1,2
545,0.0,1,1,50.0,1,0,106.425,2,0
546,0.0,1,1,64.0,0,0,26.0,-1,2
547,1.0,2,0,19.0,1,0,26.0,-1,2
548,1.0,2,1,,0,0,13.8625,-1,0
549,0.0,3,1,33.0,1,1,20.525,-1,2
550,1.0,2,1,8.0,1,1,36.75,-1,2
551,1.0,1,1,17.0,0,2,110.8833,2,0
552,0.0,2,1,27.0,0,0,26.0,-1,2
553,0.0,3,1,,0,0,7.8292,-1,1
554,1.0,3,1,22.0,0,0,7.225,-1,0
555,1.0,3,0,22.0,0,0,7.775,-1,2
556,0.0,1,1,62.0,0,0,26.55,-1,2
557,1.0,1,0,48.0,1,0,39.6,0,0
558,0.0,1,1,,0,0,227.525,-1,0
559,1.0,1,0,39.0,1,1,79.65,4,2
560,1.0,3,0,36.0,1,0,17.4,-1,2
561,0.0,3,1,,0,0,7.75,-1,1
562,0.0,3,1,40.0,0,0,7.8958,-1,2
563,0.0,2,1,28.0,0,0,13.5,-1,2
564,0.0,3,1,,0,0,8.05,-1,2
565,0.0,3,0,,0,0,8.05,-1,2
566,0.0,3,1,24.0,2,0,24.15,-1,2
567,0.0,3,1,19.0,0,0,7.8958,-1,2
568,0.0,3,0,29.0,0,4,21.075,-1,2
569,0.0,3,1,,0,0,7.2292,-1,0
570,1.0,3,1,32.0,0,0,7.8542,-1,2
571,1.0,2,1,62.0,0,0,10.5,-1,2
572,1.0,1,0,53.0,2,0,51.4792,2,2
573,1.0,1,1,36.0,0,0,26.3875,4,2
574,1.0,3,0,,0,0,7.75,-1,1
575,0.0,3,1,16.0,0,0,8.05,-1,2
576,0.0,3,1,19.0,0,0,14.5,-1,2
577,1.0,2,0,34.0,0,0,13.0,-1,2
578,1.0,1,0,39.0,1,0,55.9,4,2
579,0.0,3,0,,1,0,14.4583,-1,0
580,1.0,3,1,32.0,0,0,7.925,-1,2
581,1.0,2,0,25.0,1,1,30.0,-1,2
582,1.0,1,0,39.0,1,1,110.8833,2,0
583,0.0,2,1,54.0,0,0,26.0,-1,2
584,0.0,1,1,36.0,0,0,40.125,0,0
585,0.0,3,1,,0,0,8.7125,-1,0
586,1.0,1,0,18.0,0,2,79.65,4,2
587,0.0,2,1,47.0,0,0,15.0,-1,2
588,1.0,1,1,60.0,1,1,79.2,1,0
589,0.0,3,1,22.0,0,0,8.05,-1,2
590,0.0,3,1,,0,0,8.05,-1,2
591,0.0,3,1,35.0,0,0,7.125,-1,2
592,1.0,1,0,52.0,1,0,78.2667,3,0
593,0.0,3,1,47.0,0,0,7.25,-1,2
594,0.0,3,0,,0,2,7.75,-1,1
595,0.0,2,1,37.0,1,0,26.0,-1,2
596,0.0,3,1,36.0,1,1,24.15,-1,2
597,1.0,2,0,,0,0,33.0,-1,2
598,0.0,3,1,49.0,0,0,0.0,-1,2
599,0.0,3,1,,0,0,7.225,-1,0
600,1.0,1,1,49.0,1,0,56.9292,0,0
601,1.0,2,0,24.0,2,1,27.0,-1,2
602,0.0,3,1,,0,0,7.8958,-1,2
603,0.0,1,1,,0,0,42.4,-1,2
604,0.0,3,1,44.0,0,0,8.05,-1,2
605,1.0,1,1,35.0,0,0,26.55,-1,0
606,0.0,3,1,36.0,1,0,15.55,-1,2
607,0.0,3,1,30.0,0,0,7.8958,-1,2
608,1.0,1,1,27.0,0,0,30.5,-1,2
609,1.0,2,0,22.0,1,2,41.5792,-1,0
610,1.0,1,0,40.0,0,0,153.4625,2,2
611,0.0,3,0,39.0,1,5,31.275,-1,2
612,0.0,3,1,,0,0,7.05,-1,2
613,1.0,3,0,,1,0,15.5,-1,1
614,0.0,3,1,,0,0,7.75,-1,1
615,0.0,3,1,35.0,0,0,8.05,-1,2
616,1.0,2,0,24.0,1,2,65.0,-1,2
617,0.0,3,1,34.0,1,1,14.4,-1,2
618,0.0,3,0,26.0,1,0,16.1,-1,2
619,1.0,2,0,4.0,2,1,39.0,5,2
620,0.0,2,1,26.0,0,0,10.5,-1,2
621,0.0,3,1,27.0,1,0,14.4542,-1,0
622,1.0,1,1,42.0,1,0,52.5542,3,2
623,1.0,3,1,20.0,1,1,15.7417,-1,0
624,0.0,3,1,21.0,0,0,7.8542,-1,2
625,0.0,3,1,21.0,0,0,16.1,-1,2
626,0.0,1,1,61.0,0,0,32.3208,3,2
627,0.0,2,1,57.0,0,0,12.35,-1,1
628,1.0,1,0,21.0,0,0,77.9583,3,2
629,0.0,3,1,26.0,0,0,7.8958,-1,2
630,0.0,3,1,,0,0,7.7333,-1,1
631,1.0,1,1,80.0,0,0,30.0,0,2
632,0.0,3,1,51.0,0,0,7.0542,-1,2
633,1.0,1,1,32.0,0,0,30.5,1,0
634,0.0,1,1,,0,0,0.0,-1,2
635,0.0,3,0,9.0,3,2,27.9,-1,2
636,1.0,2,0,28.0,0,0,13.0,-1,2
637,0.0,3,1,32.0,0,0,7.925,-1,2
638,0.0,2,1,31.0,1,1,26.25,-1,2
639,0.0,3,0,41.0,0,5,39.6875,-1,2
640,0.0,3,1,,1,0,16.1,-1,2
641,0.0,3,1,20.0,0,0,7.8542,-1,2
642,1.0,1,0,24.0,0,0,69.3,1,0
643,0.0,3,0,2.0,3,2,27.9,-1,2
644,1.0,3,1,,0,0,56.4958,-1,2
645,1.0,3,0,0.75,2,1,19.2583,-1,0
646,1.0,1,1,48.0,1,0,76.7292,3,0
647,0.0,3,1,19.0,0,0,7.8958,-1,2
648,1.0,1,1,56.0,0,0,35.5,0,0
649,0.0,3,1,,0,0,7.55,-1,2
650,1.0,3,0,23.0,0,0,7.55,-1,2
651,0.0,3,1,,0,0,7.8958,-1,2
652,1.0,2,0,18.0,0,1,23.0,-1,2
653,0.0,3,1,21.0,0,0,8.4333,-1,2
654,1.0,3,0,,0,0,7.8292,-1,1
655,0.0,3,0,18.0,0,0,6.75,-1,1
656,0.0,2,1,24.0,2,0,73.5,-1,2
657,0.0,3,1,,0,0,7.8958,-1,2
658,0.0,3,0,32.0,1,1,15.5,-1,1
659,0.0,2,1,23.0,0,0,13.0,-1,2
660,0.0,1,1,58.0,0,2,113.275,3,0
661,1.0,1,1,50.0,2,0,133.65,-1,2
662,0.0,3,1,40.0,0,0,7.225,-1,0
663,0.0,1,1,47.0,0,0,25.5875,4,2
664,0.0,3,1,36.0,0,0,7.4958,-1,2
665,1.0,3,1,20.0,1,0,7.925,-1,2
666,0.0,2,1,32.0,2,0,73.5,-1,2
667,0.0,2,1,25.0,0,0,13.0,-1,2
668,0.0,3,1,,0,0,7.775,-1,2
669,0.0,3,1,43.0,0,0,8.05,-1,2
670,1.0,1,0,,1,0,52.0,2,2
671,1.0,2,0,40.0,1,1,39.0,-1,2
672,0.0,1,1,31.0,1,0,52.0,1,2
673,0.0,2,1,70.0,0,0,10.5,-1,2
674,1.0,2,1,31.0,0,0,13.0,-1,2
675,0.0,2,1,,0,0,0.0,-1,2
676,0.0,3,1,18.0,0,0,7.775,-1,2
677,0.0,3,1,24.5,0,0,8.05,-1,2
678,1.0,3,0,18.0,0,0,9.8417,-1,2
679,0.0,3,0,43.0,1,6,46.9,-1,2
680,1.0,1,1,36.0,0,1,512.3292,1,0
681,0.0,3,0,,0,0,8.1375,-1,1
682,1.0,1,1,27.0,0,0,76.7292,3,0
683,0.0,3,1,20.0,0,0,9.225,-1,2
684,0.0,3,1,14.0,5,2,46.9,-1,2
685,0.0,2,1,60.0,1,1,39.0,-1,2
686,0.0,2,1,25.0,1,2,41.5792,-1,0
687,0.0,3,1,14.0,4,1,39.6875,-1,2
688,0.0,3,1,19.0,0,0,10.1708,-1,2
689,0.0,3,1,18.0,0,0,7.7958,-1,2
690,1.0,1,0,15.0,0,1,211.3375,1,2
691,1.0,1,1,31.0,1,0,57.0,1,2
692,1.0,3,0,4.0,0,1,13.4167,-1,0
693,1.0,3,1,,0,0,56.4958,-1,2
694,0.0,3,1,25.0,0,0,7.225,-1,0
695,0.0,1,1,60.0,0,0,26.55,-1,2
696,0.0,2,1,52.0,0,0,13.5,-1,2
697,0.0,3,1,44.0,0,0,8.05,-1,2
698,1.0,3,0,,0,0,7.7333,-1,1
699,0.0,1,1,49.0,1,1,110.8833,2,0
700,0.0,3,1,42.0,0,0,7.65,5,2
701,1.0,1,0,18.0,1,0,227.525,2,0
702,1.0,1,1,35.0,0,0,26.2875,4,2
703,0.0,3,0,18.0,0,1,14.4542,-1,0
704,0.0,3,1,25.0,0,0,7.7417,-1,1
705,0.0,3,1,26.0,1,0,7.8542,-1,2
706,0.0,2,1,39.0,0,0,26.0,-1,2
707,1.0,2,0,45.0,0,0,13.5,-1,2
708,1.0,1,1,42.0,0,0,26.2875,4,2
709,1.0,1,0,22.0,0,0,151.55,-1,2
710,1.0,3,1,,1,1,15.2458,-1,0
711,1.0,1,0,24.0,0,0,49.5042,2,0
712,0.0,1,1,,0,0,26.55,2,2
713,1.0,1,1,48.0,1,0,52.0,2,2
714,0.0,3,1,29.0,0,0,9.4833,-1,2
715,0.0,2,1,52.0,0,0,13.0,-1,2
716,0.0,3,1,19.0,0,0,7.65,5,2
717,1.0,1,0,38.0,0,0,227.525,2,0
718,1.0,2,0,27.0,0,0,10.5,4,2
719,0.0,3,1,,0,0,15.5,-1,1
720,0.0,3,1,33.0,0,0,7.775,-1,2
721,1.0,2,0,6.0,0,1,33.0,-1,2
722,0.0,3,1,17.0,1,0,7.0542,-1,2
723,0.0,2,1,34.0,0,0,13.0,-1,2
724,0.0,2,1,50.0,0,0,13.0,-1,2
725,1.0,1,1,27.0,1,0,53.1,4,2
726,0.0,3,1,20.0,0,0,8.6625,-1,2
727,1.0,2,0,30.0,3,0,21.0,-1,2
728,1.0,3,0,,0,0,7.7375,-1,1
729,0.0,2,1,25.0,1,0,26.0,-1,2
730,0.0,3,0,25.0,1,0,7.925,-1,2
731,1.0,1,0,29.0,0,0,211.3375,1,2
732,0.0,3,1,11.0,0,0,18.7875,-1,0
733,0.0,2,1,,0,0,0.0,-1,2
734,0.0,2,1,23.0,0,0,13.0,-1,2
735,0.0,2,1,23.0,0,0,13.0,-1,2
736,0.0,3,1,28.5,0,0,16.1,-1,2
737,0.0,3,0,48.0,1,3,34.375,-1,2
738,1.0,1,1,35.0,0,0,512.3292,1,0
739,0.0,3,1,,0,0,7.8958,-1,2
740,0.0,3,1,,0,0,7.8958,-1,2
741,1.0,1,1,,0,0,30.0,3,2
742,0.0,1,1,36.0,1,0,78.85,2,2
743,1.0,1,0,21.0,2,2,262.375,1,0
744,0.0,3,1,24.0,1,0,16.1,-1,2
745,1.0,3,1,31.0,0,0,7.925,-1,2
746,0.0,1,1,70.0,1,1,71.0,1,2
747,0.0,3,1,16.0,1,1,20.25,-1,2
748,1.0,2,0,30.0,0,0,13.0,-1,2
749,0.0,1,1,19.0,1,0,53.1,3,2
750,0.0,3,1,31.0,0,0,7.75,-1,1
751,1.0,2,0,4.0,1,1,23.0,-1,2
752,1.0,3,1,6.0,0,1,12.475,4,2
753,0.0,3,1,33.0,0,0,9.5,-1,2
754,0.0,3,1,23.0,0,0,7.8958,-1,2
755,1.0,2,0,48.0,1,2,65.0,-1,2
756,1.0,2,1,0.67,1,1,14.5,-1,2
757,0.0,3,1,28.0,0,0,7.7958,-1,2
758,0.0,2,1,18.0,0,0,11.5,-1,2
759,0.0,3,1,34.0,0,0,8.05,-1,2
760,1.0,1,0,33.0,0,0,86.5,1,2
761,0.0,3,1,,0,0,14.5,-1,2
762,0.0,3,1,41.0,0,0,7.125,-1,2
763,1.0,3,1,20.0,0,0,7.2292,-1,0
764,1.0,1,0,36.0,1,2,120.0,1,2
765,0.0,3,1,16.0,0,0,7.775,-1,2
766,1.0,1,0,51.0,1,0,77.9583,3,2
767,0.0,1,1,,0,0,39.6,-1,0
768,0.0,3,0,30.5,0,0,7.75,-1,1
769,0.0,3,1,,1,0,24.15,-1,1
770,0.0,3,1,32.0,0,0,8.3625,-1,2
771,0.0,3,1,24.0,0,0,9.5,-1,2
772,0.0,3,1,48.0,0,0,7.8542,-1,2
773,0.0,2,0,57.0,0,0,10.5,4,2
774,0.0,3,1,,0,0,7.225,-1,0
775,1.0,2,0,54.0,1,3,23.0,-1,2
776,0.0,3,1,18.0,0,0,7.75,-1,2
777,0.0,3,1,,0,0,7.75,5,1
778,1.0,3,0,5.0,0,0,12.475,-1,2
779,0.0,3,1,,0,0,7.7375,-1,1
780,1.0,1,0,43.0,0,1,211.3375,1,2
781,1.0,3,0,13.0,0,0,7.2292,-1,0
782,1.0,1,0,17.0,1,0,57.0,1,2
783,0.0,1,1,29.0,0,0,30.0,3,2
784,0.0,3,1,,1,2,23.45,-1,2
785,0.0,3,1,25.0,0,0,7.05,-1,2
786,0.0,3,1,25.0,0,0,7.25,-1,2
787,1.0,3,0,18.0,0,0,7.4958,-1,2
788,0.0,3,1,8.0,4,1,29.125,-1,1
789,1.0,3,1,1.0,1,2,20.575,-1,2
790,0.0,1,1,46.0,0,0,79.2,1,0
791,0.0,3,1,,0,0,7.75,-1,1
792,0.0,2,1,16.0,0,0,26.0,-1,2
793,0.0,3,0,,8,2,69.55,-1,2
794,0.0,1,1,,0,0,30.6958,-1,0
795,0.0,3,1,25.0,0,0,7.8958,-1,2
796,0.0,2,1,39.0,0,0,13.0,-1,2
797,1.0,1,0,49.0,0,0,25.9292,3,2
798,1.0,3,0,31.0,0,0,8.6833,-1,2
799,0.0,3,1,30.0,0,0,7.2292,-1,0
800,0.0,3,0,30.0,1,1,24.15,-1,2
801,0.0,2,1,34.0,0,0,13.0,-1,2
802,1.0,2,0,31.0,1,1,26.25,-1,2
803,1.0,1,1,11.0,1,2,120.0,1,2
804,1.0,3,1,0.42,0,1,8.5167,-1,0
805,1.0,3,1,27.0,0,0,6.975,-1,2
806,0.0,3,1,31.0,0,0,7.775,-1,2
807,0.0,1,1,39.0,0,0,0.0,0,2
808,0.0,3,0,18.0,0,0,7.775,-1,2
809,0.0,2,1,39.0,0,0,13.0,-1,2
810,1.0,1,0,33.0,1,0,53.1,4,2
811,0.0,3,1,26.0,0,0,7.8875,-1,2
812,0.0,3,1,39.0,0,0,24.15,-1,2
813,0.0,2,1,35.0,0,0,10.5,-1,2
814,0.0,3,0,6.0,4,2,31.275,-1,2
815,0.0,3,1,30.5,0,0,8.05,-1,2
816,0.0,1,1,,0,0,0.0,1,2
817,0.0,3,0,23.0,0,0,7.925,-1,2
818,0.0,2,1,31.0,1,1,37.0042,-1,0
819,0.0,3,1,43.0,0,0,6.45,-1,2
820,0.0,3,1,10.0,3,2,27.9,-1,2
821,1.0,1,0,52.0,1,1,93.5,1,2
822,1.0,3,1,27.0,0,0,8.6625,-1,2
823,0.0,1,1,38.0,0,0,0.0,-1,2
824,1.0,3,0,27.0,0,1,12.475,4,2
825,0.0,3,1,2.0,4,1,39.6875,-1,2
826,0.0,3,1,,0,0,6.95,-1,1
827,0.0,3,1,,0,0,56.4958,-1,2
828,1.0,2,1,1.0,0,2,37.0042,-1,0
829,1.0,3,1,,0,0,7.75,-1,1
830,1.0,1,0,62.0,0,0,80.0,1,-1
831,1.0,3,0,15.0,1,0,14.4542,-1,0
832,1.0,2,1,0.83,1,1,18.75,-1,2
833,0.0,3,1,,0,0,7.2292,-1,0
834,0.0,3,1,23.0,0,0,7.8542,-1,2
835,0.0,3,1,18.0,0,0,8.3,-1,2
836,1.0,1,0,39.0,1,1,83.1583,4,0
837,0.0,3,1,21.0,0,0,8.6625,-1,2
838,0.0,3,1,,0,0,8.05,-1,2
839,1.0,3,1,32.0,0,0,56.4958,-1,2
840,1.0,1,1,,0,0,29.7,2,0
841,0.0,3,1,20.0,0,0,7.925,-1,2
842,0.0,2,1,16.0,0,0,10.5,-1,2
843,1.0,1,0,30.0,0,0,31.0,-1,0
844,0.0,3,1,34.5,0,0,6.4375,-1,0
845,0.0,3,1,17.0,0,0,8.6625,-1,2
846,0.0,3,1,42.0,0,0,7.55,-1,2
847,0.0,3,1,,8,2,69.55,-1,2
848,0.0,3,1,35.0,0,0,7.8958,-1,0
849,0.0,2,1,28.0,0,1,33.0,-1,2
850,1.0,1,0,,1,0,89.1042,2,0
851,0.0,3,1,4.0,4,2,31.275,-1,2
852,0.0,3,1,74.0,0,0,7.775,-1,2
853,0.0,3,0,9.0,1,1,15.2458,-1,0
854,1.0,1,0,16.0,0,1,39.4,3,2
855,0.0,2,0,44.0,1,0,26.0,-1,2
856,1.0,3,0,18.0,0,1,9.35,-1,2
857,1.0,1,0,45.0,1,1,164.8667,-1,2
858,1.0,1,1,51.0,0,0,26.55,4,2
859,1.0,3,0,24.0,0,3,19.2583,-1,0
860,0.0,3,1,,0,0,7.2292,-1,0
861,0.0,3,1,41.0,2,0,14.1083,-1,2
862,0.0,2,1,21.0,1,0,11.5,-1,2
863,1.0,1,0,48.0,0,0,25.9292,3,2
864,0.0,3,0,,8,2,69.55,-1,2
865,0.0,2,1,24.0,0,0,13.0,-1,2
866,1.0,2,0,42.0,0,0,13.0,-1,2
867,1.0,2,0,27.0,1,0,13.8583,-1,0
868,0.0,1,1,31.0,0,0,50.4958,0,2
869,0.0,3,1,,0,0,9.5,-1,2
870,1.0,3,1,4.0,1,1,11.1333,-1,2
871,0.0,3,1,26.0,0,0,7.8958,-1,2
872,1.0,1,0,47.0,1,1,52.5542,3,2
873,0.0,1,1,33.0,0,0,5.0,1,2
874,0.0,3,1,47.0,0,0,9.0,-1,2
875,1.0,2,0,28.0,1,0,24.0,-1,0
876,1.0,3,0,15.0,0,0,7.225,-1,0
877,0.0,3,1,20.0,0,0,9.8458,-1,2
878,0.0,3,1,19.0,0,0,7.8958,-1,2
879,0.0,3,1,,0,0,7.8958,-1,2
880,1.0,1,0,56.0,0,1,83.1583,2,0
881,1.0,2,0,25.0,0,1,26.0,-1,2
882,0.0,3,1,33.0,0,0,7.8958,-1,2
883,0.0,3,0,22.0,0,0,10.5167,-1,2
884,0.0,2,1,28.0,0,0,10.5,-1,2
885,0.0,3,1,25.0,0,0,7.05,-1,2
886,0.0,3,0,39.0,0,5,29.125,-1,1
887,0.0,2,1,27.0,0,0,13.0,-1,2
888,1.0,1,0,19.0,0,0,30.0,1,2
889,0.0,3,0,,1,2,23.45,-1,2
890,1.0,1,1,26.0,0,0,30.0,2,0
891,0.0,3,1,32.0,0,0,7.75,-1,1
